12
 0   0   0   0  31  33   0   0   0   0   0  34
  0   0  7    0   0  88   0  67   0   0   0   0
  0  7    0   0   0   0   0  20   0   0  59   0
  0   0   0   0   0  41   0   0   0   0  14   0
 31   0   0   0   0   0  72   0   0  15   0   0
 33  88   0  41   0   0   0  32  49   0   0   9
  0   0   0   0  72   0   0   0   0   0   0   0
  0  67  20   0   0  32   0   0  83  22   1   0
  0   0   0   0   0  49   0  83   0   0   0   0
  0   0   0   0  15   0   0  22   0   0   4   0
  0   0  59  14   0   0   0   1   0   4   0  52
 34   0   0   0   0   9   0   0   0   0  52   0